小明             	24745	53163	11373600	120	32
旭东             	13103	102528	1926400	46	36
东方抽奖王          	9130	113349	27703900	62	16
花哥             	5890	108911	5518100	29	9
紫涵             	3780	25706	1972200	18	2
牙哥-改装车         	3746	29443	208600	11	5
明总丶            	3732	108320	1249800	2	1
爱贴边的帅镇         	1992	38555	264900	2	1
鹏辉表弟           	1702	56451	130600	3	3
魅力-大神          	1292	5354	207100	11	2
心宝包满级宝石改装      	1772	6035	955600	6	2
爱拍-阿飞          	1366	12636	424000	3	4
虎牙炎铖哥          	1001	1667	358100	...	0
AzZ丶海萌 村口集合   	969	373	320300	2	0
小帅帅            	677	1122	35600	1	0
冉伟             	664	5523	0	6	4
90439丶浩然       	643	3219	12200	...	0
奕峰             	66	10730	157200	1	1
苏枭             	592	131	48500	1	6
强蝈蝈来啦          	541	1456	473700	7	3
然总所有AST车都有     	342	541	0	...	1
虎牙秀车王-A炜       	1190	24034	561600	1	5
爱拍丶甲第哥         	358	9432	658000	2	0
暖男边境10丶小时包赚    	148	120752	1520500	1	1
田凯             	269	17711	23700	3	0
魅力-饺子          	197	13970	255200	1	0
90439丶伟少       	122	357	28300	...	0
6498丶夏夏        	104	331	0	...	2
无情老欣姐          	157	1557	35900	1	2
魅力-小杰          	55	744	55900	...	0
3923-小平12点秒道具  	232	2071	101600	3	2
阿亮             	29	130	70600	...	1
魅力-扬子          	33	10536	679900	92	1
魅力-夕瑶          	42	1024	104100	3	1
RS丶卡卡-小萌卡      	22	330	205800	4	3
脑攻丶            	36	183	0	2	0
90483 晚风       	17	469	99900	6	4
念心：王者          	16	18454	100	...	0
魅力-疯子          	22	101	101700	1	1
小伟伟哟           	5	248	0	...	0
泡面             	15	737	70500	1	3
58749丶小轩       	28	491	125400	3	4
90529丶小黎子      	18	725	13500	1	0
7340丶骚婆娘       	16	208	141300	1	3
249464丶逍遥      	18	141	5200	...	3
心哥             	6	193	25700	...	0
兴爷免费记录         	11	182	100200	...	1
无情             	9	143	8800	...	0
萌面超人           	9	83	0	...	0
阿飞成就全球博士剧情     	9	176	0	2	0
傲世-苏辰          	8	32	10400	2	2
166418-小小咔     	5	33	21600	...	0
涛涛啊            	8	13	2882400	561	1
乖              	49817	329876	2882400	572	2
Yumiko0414     	10518	81164	1629900	130	14
DOTA小杰         	6841	27244	267700	20	3
90358龙魅        	5739	13090	298000	57	0
90357 599      	1678	8726	1711400	10	1
流年丶小小小小方、      	2582	25233	4790700	60	5
虎牙丶贱贱          	3004	12022	1688700	69	6
90358 玲玲       	2912	1549	69000	4	4
渝万-风铃          	2834	4354	857600	16	0
流年、小盆友         	2484	3043	717000	16	0
小笨狼队长          	2469	6417	1922700	41	9
WAR3便便海涛       	2092	3666	14900	5	0
大刀             	1972	6851	633300	48	4
流年公会欢迎大家       	2075	161	1800400	3	4
甜心             	1895	11188	547400	2	2
本末倒置           	1923	2199	109600	5	1
呆帝欢颜丶          	1616	1351	1189500	9	1
五更疾风           	1544	47560	347800	1	1
魂萦夢绕丶          	1434	1857	627800	2	0
起球者            	1310	103027	135900	6	1
最强美少女          	1395	4583	1387400	2	0
筱无耻            	1047	12363	576200	11	3
疯子             	938	464	10600	...	0
流年丶荒           	924	941	335600	...	0
９０４０３丶左耳       	844	1024	694400	3	0
5185狂魔         	870	25600	0	5	0
dota兔斯基        	834	833	294600	3	0
佳瑶mm丶          	610	10645	719400	6	0
丶暴脾气跪斗         	638	21328	409700	4	0
美美             	576	487	522300	9	4
天狼丶禽兽          	608	83	92600	2	1
683            	498	131	11400	...	0
近战无敌           	394	51456	15000	2	4
小安安丶ak7        	548	25377	291300	1	0
90459-Cby真的 漫漫长夜	331	662	1100	3	1
华夏.5185-北爵爷    	443	11654	20900	4	0
最酷雨儿           	310	317	411900	4	0
【378871】 曾小贤 求订阅走走	281	303	2200	2	0
华夏盗版-全是逗逼      	373	262	335100	6	1
桃华             	298	144	2610900	2	1
带你听月光          	211	233	560700	2	0
慕容             	21	64	27300	2	0
压力哥            	275	286	68200	2	0
天狼丶逗逗          	166	10509	8900	...	0
